[header        16                ]  [(40+temp)/10] [humdty]
11111111 11101010 0010110 0000010010 010001011000 00011011 10010010 0000  71.2 27
11111111 11101010 0010110 0000010010 010001011001 00100010 00010010 0000  71.3 34
11111111 11101010 0010110 0000010010 010001101010 00100011 11101010 0000  73.0 35
11111111 11101010 0010110 0000010010 010010001011 00100001 11100100 0000  76.0 28
11111111 11101010 0010110 0000010010 010010001011 00011011 00010111 0000  76.0 27
11111111 11101010 0010110 0000010010 010010001011 00011000 00100111 0000  76.3 24
11111111 11101010 0010110 0000010010 010101110110 00001101 10110101 0000  99.8 13
11111111 11101010 0010110 0000010010 010101110100 00001101 00110011 0000  99.6 13
11111111 11101010 0010110 0000010010 010110001011 00001101 00101000 0000  101.x 13
11111111 11101010 0010110 1000000101 010000100001 00100010 10000110 0000  65.9 34  [ch 6,f]
11111111 11101010 0010110 1000000101 010000101110 00100001 00110100 0000           [ch 6,f]
11111111 11101010 0010101 1011010001 010001001001 00110101 01011111 0000           [ch 2,f]
11111111 11101010 0010100 0011000000 010001100000 00110011 00110100 0000           [ch 1,f]
11111111 11101010 0010110 0001010011 010001100100 00101010 00001111 0000           [ch 4,f]
11111111 11101010 0010110 0001010011 010001100000 00100101 11000010 0000           [ch 4,f]
11111111 11101010 0010101 1100110100 010001101010 01000101 01111110 0000           [ch 5,f]
11111111 11101010 0010111 1010010110 010001100010 00101001 11000101 0000           [ch 7,f]
11111111 11101010 0010111 1010010110 010001011111 00101000 11111100 0000           [ch 7,f]
11111111 11101010 0010101 1101100111 010001011100 00110010 10010011 0000           [ch 8,f]
11111111 11101010 0010110 1110000111 010001100010 00101010 10000010 0000 22.3 42   [ch 8,c]
11111111 11101010 0010110 1110000111 010001100110 00100111 01101111 0000 22.6 39   [ch 8,c]
11111111 11101010 0010110 0001100000 010001101110 00111010 11010101 0000 23.0 58   [ch 1,c]
11111111 11101010 0010100 1100100001 010001110001 00101011 10110110 0000           [ch 2,c]
11111111 11101010 0010100 0101000010 010001101110 00101100 11110110 0000           [ch 3,c]
11111111 11101010 0010100 0110010011 010001101010 00101010 01101110 0000           [ch 4,c]
11111111 11101010 0010101 0100110100 010001100001 00100111 01000000 0000           [ch 5,c]
11111111 11101010 0010111 0101110101 010001010110 00111101 10101100 0000           [ch 6,c]
11111111 11101010 0010110 0111110110 010001010000 00101110 00000111 0000           [ch 7,c]
11111111 11101010 0010101 1000000111 010001001111 00101000 00100011 0000           [ch 8,c]

